100 0
125 100
150 200
200 300
250 500
350 1000
500 1750
650 3000
800 5000
10000 10000
1 0
2 200
3 400
5 750
7.5 1500
10 2500
15 4000
20 8000
25 15000
300 25000
6 0
6.5 150
7 250
7.5 500
8 1000
8.5 1750
9 2500
9.5 4000
10 6500
11 15000
7 250
9 500
12 1250
15 3000
18 5000
22 7500
25 12500
30 18000
35 25000
40 50000
0 0
1 200
2 400
3 800
4 1600
5 3200
6 6400
7 12800
8 25600
9 51200
1 0
0.9 150
0.8 250
0.7 400
0.6 1000
0.5 1750
0.4 3000
0.3 5000
0.2 10000
0.1 20000
60 0
45 200
30 400
25 750
20 1250
15 2000
12 3000
8 5000
5 7500
3 12500
1 0
2 500
3 1500
4 4000
5 7500
6 15000
7 30000
8 50000
9 100000
100 1000000